java -jar ManKalah.jar "java MKAgent.Main" "java -jar Test_Agents/JimmyPlayer.jar"
0  --  7  7  7  7  7  7  7
7  7  7  7  7  7  7  --  0
Move: South - 7
0  --  7  8  8  8  8  8  8
7  7  7  7  7  7  0  --  1
Move: Swap
Move: North - 3
1  --  8  9  9  9  0  8  8
8  8  8  7  7  7  0  --  1
Move: South - 2
1  --  8  9  9  9  0  9  9
8  0  9  8  8  8  1  --  2
Move: North - 6
2  --  9  0  9  9  0  9  9
9  1  10  9  9  9  2  --  2
Move: South - 4
2  --  9  0  10  10  1  10  10
9  1  10  0  10  10  3  --  3
Move: North - 5
3  --  10  1  0  10  1  10  10
10  2  11  1  11  11  4  --  3
Move: South - 2
3  --  10  1  0  10  1  10  10
10  0  12  2  11  11  4  --  3
Move: North - 2
4  --  11  2  1  11  2  0  10
11  1  13  3  11  11  4  --  3
Move: South - 2
4  --  11  2  1  11  2  0  10
11  0  14  3  11  11  4  --  3
Move: North - 6
5  --  12  0  1  11  2  0  10
11  0  14  3  11  11  4  --  3
Move: North - 4
6  --  13  1  2  0  2  0  10
12  1  15  4  12  12  5  --  3
Move: South - 7
6  --  13  1  2  1  3  1  11
12  1  15  4  12  12  0  --  4
Move: North - 2
6  --  13  1  2  1  4  0  11
12  1  15  4  12  12  0  --  4
Move: South - 2
6  --  13  1  2  1  4  0  11
12  0  16  4  12  12  0  --  4
Move: North - 6
6  --  14  0  2  1  4  0  11
12  0  16  4  12  12  0  --  4
Move: South - 4
6  --  14  0  2  1  4  0  11
12  0  16  0  13  13  1  --  5
Move: South - 7
6  --  14  0  2  1  4  0  11
12  0  16  0  13  13  0  --  6
Move: South - 6
6  --  15  1  3  0  5  1  12
13  1  17  0  13  0  1  --  10
Move: North - 5
7  --  16  2  0  0  5  1  12
13  1  17  0  13  0  1  --  10
Move: North - 6
8  --  17  0  0  0  5  1  12
13  1  17  0  13  0  1  --  10
Move: North - 3
9  --  18  1  1  1  0  1  12
13  1  17  0  13  0  1  --  10
Move: North - 2
23  --  18  1  1  1  0  0  12
13  1  17  0  0  0  1  --  10
Move: South - 7
23  --  18  1  1  1  0  0  12
13  1  17  0  0  0  0  --  11
Move: South - 3
23  --  19  2  2  2  1  1  13
14  2  1  2  2  1  1  --  12
Move: North - 6
24  --  20  0  2  2  1  1  13
14  2  1  2  2  1  1  --  12
Move: North - 7
26  --  1  1  3  3  2  2  14
16  4  3  4  3  2  2  --  12
Move: South - 5
26  --  1  1  3  3  2  2  14
16  4  3  4  0  3  3  --  13
Move: South - 4
26  --  1  1  3  3  2  2  14
16  4  3  0  1  4  4  --  14
Move: South - 1
26  --  2  2  4  4  3  3  15
1  6  4  1  2  5  5  --  15
Move: North - 6
27  --  3  0  4  4  3  3  15
1  6  4  1  2  5  5  --  15
Move: North - 4
28  --  4  1  5  0  3  3  15
1  6  4  1  2  5  5  --  15
Move: North - 1
36  --  5  2  6  1  4  4  0
2  7  5  2  3  6  0  --  15
Move: South - 5
36  --  5  2  6  1  4  4  0
2  7  5  2  0  7  1  --  16
Move: South - 7
36  --  5  2  6  1  4  4  0
2  7  5  2  0  7  0  --  17
Move: South - 3
36  --  5  2  6  1  4  4  0
2  7  0  3  1  8  1  --  18
Move: South - 7
36  --  5  2  6  1  4  4  0
2  7  0  3  1  8  0  --  19
Move: South - 2
36  --  5  2  6  1  4  4  1
2  0  1  4  2  9  1  --  20
Move: North - 7
37  --  0  2  6  1  4  4  1
3  1  2  5  2  9  1  --  20
Move: South - 3
37  --  0  2  6  1  4  4  1
3  1  0  6  3  9  1  --  20
Move: North - 6
38  --  1  0  6  1  4  4  1
3  1  0  6  3  9  1  --  20
Move: North - 7
39  --  0  0  6  1  4  4  1
3  1  0  6  3  9  1  --  20
Move: North - 2
41  --  0  0  7  2  5  0  1
3  0  0  6  3  9  1  --  20
Move: South - 7
41  --  0  0  7  2  5  0  1
3  0  0  6  3  9  0  --  21
Move: South - 5
41  --  0  0  7  2  5  0  1
3  0  0  6  0  10  1  --  22
Move: South - 7
41  --  0  0  7  2  5  0  1
3  0  0  6  0  10  0  --  23
Move: South - 4
41  --  0  0  7  2  5  1  2
3  0  0  0  1  11  1  --  24
Move: North - 3
42  --  1  1  8  3  0  1  2
3  0  0  0  1  11  1  --  24
Move: North - 7
43  --  0  1  8  3  0  1  2
3  0  0  0  1  11  1  --  24
Move: North - 6
47  --  0  0  8  3  0  1  2
0  0  0  0  1  11  1  --  24
Move: South - 5
47  --  0  0  8  3  0  1  2
0  0  0  0  0  12  1  --  24
Move: North - 5
48  --  1  1  0  3  0  1  2
1  1  1  1  1  12  1  --  24
Move: South - 1
48  --  1  1  0  3  0  1  2
0  2  1  1  1  12  1  --  24
Move: North - 7
49  --  0  1  0  3  0  1  2
0  2  1  1  1  12  1  --  24
Move: North - 1
51  --  0  1  0  3  0  2  0
0  2  1  1  0  12  1  --  24
Move: South - 2
51  --  0  1  0  3  0  2  0
0  0  2  2  0  12  1  --  24
Move: North - 2
51  --  0  1  0  4  1  0  0
0  0  2  2  0  12  1  --  24
Move: South - 3
51  --  0  1  0  4  0  0  0
0  0  0  3  0  12  1  --  26
Move: North - 4
52  --  1  2  1  0  0  0  0
0  0  0  3  0  12  1  --  26
Move: North - 5
52  --  1  3  0  0  0  0  0
0  0  0  3  0  12  1  --  26
Move: South - 7
52  --  1  3  0  0  0  0  0
0  0  0  3  0  12  0  --  27
Move: South - 6
52  --  2  4  0  1  1  1  1
1  1  0  3  0  0  1  --  30
Move: North - 2
52  --  2  4  0  1  2  0  1
1  1  0  3  0  0  1  --  30
Move: South - 7
52  --  2  4  0  1  2  0  1
1  1  0  3  0  0  0  --  31
Move: South - 4
52  --  2  4  0  1  2  0  0
1  1  0  0  1  1  0  --  33
Move: North - 4
52  --  2  4  1  0  2  0  0
1  1  0  0  1  1  0  --  33
Move: South - 5
52  --  2  4  1  0  2  0  0
1  1  0  0  0  2  0  --  33
Move: North - 3
52  --  2  4  2  1  0  0  0
1  1  0  0  0  2  0  --  33
Move: South - 1
52  --  2  4  2  1  0  0  0
0  2  0  0  0  2  0  --  33
Move: North - 7
53  --  0  4  2  1  0  0  0
1  2  0  0  0  2  0  --  33
Move: South - 2
53  --  0  4  2  0  0  0  0
1  0  1  0  0  2  0  --  35
Move: North - 5
55  --  0  5  0  0  0  0  0
0  0  1  0  0  2  0  --  35
Move: South - 6
55  --  0  5  0  0  0  0  0
0  0  1  0  0  0  1  --  36
Move: South - 7
55  --  0  5  0  0  0  0  0
0  0  1  0  0  0  0  --  37
Move: South - 3
55  --  0  5  0  0  0  0  0
0  0  0  1  0  0  0  --  37
Move: North - 6
56  --  1  0  0  0  0  0  0
1  1  1  1  0  0  0  --  37
Move: South - 4
56  --  1  0  0  0  0  0  0
1  1  1  0  1  0  0  --  37
Move: North - 7
57  --  0  0  0  0  0  0  0
0  0  0  0  0  0  0  --  41

WINNER: Player 1 (java MKAgent.Main)
SCORE: 16

Player 2 (java -jar Test_Agents/JimmyPlayer.jar): 40 moves, 139 milliseconds per move
Player 1 (java MKAgent.Main): 38 moves, 13416 milliseconds per move

1 13416
0 139