java -jar ManKalah.jar "java -jar Test_A
gents/JimmyPlayer.jar" "java MKAgent.Main"
0  --  7  7  7  7  7  7  7
7  7  7  7  7  7  7  --  0
Move: South - 2
0  --  7  7  7  7  7  7  8
7  0  8  8  8  8  8  --  1
Move: North - 3
1  --  8  8  8  8  0  7  8
8  1  8  8  8  8  8  --  1
Move: South - 4
1  --  8  8  8  9  1  8  9
8  1  8  0  9  9  9  --  2
Move: North - 6
2  --  9  0  8  9  1  8  9
9  2  9  1  10  10  9  --  2
Move: South - 1
2  --  9  0  8  9  1  9  10
0  3  10  2  11  11  10  --  3
Move: North - 5
3  --  10  1  0  9  1  9  10
1  4  11  3  12  11  10  --  3
Move: South - 1
3  --  10  1  0  9  1  9  10
0  5  11  3  12  11  10  --  3
Move: North - 3
3  --  10  1  0  10  0  9  10
0  5  11  3  12  11  10  --  3
Move: South - 2
3  --  10  1  0  10  0  9  10
0  0  12  4  13  12  11  --  3
Move: North - 4
4  --  11  2  1  0  0  9  10
1  1  13  5  14  13  11  --  3
Move: South - 3
4  --  12  3  2  1  1  10  11
2  1  0  6  15  14  12  --  4
Move: North - 6
5  --  13  0  2  1  1  10  11
3  1  0  6  15  14  12  --  4
Move: South - 2
5  --  13  0  0  1  1  10  11
3  0  0  6  15  14  12  --  7
Move: North - 2
6  --  14  1  1  2  2  0  11
4  1  1  7  15  14  12  --  7
Move: South - 4
6  --  14  1  1  2  3  1  12
4  1  1  0  16  15  13  --  8
Move: North - 6
6  --  15  0  1  2  3  1  12
4  1  1  0  16  15  13  --  8
Move: South - 3
6  --  15  0  1  0  3  1  12
4  1  0  0  16  15  13  --  11
Move: North - 5
8  --  15  0  0  0  3  1  12
4  0  0  0  16  15  13  --  11
Move: South - 5
8  --  16  1  1  1  4  2  13
5  1  1  1  1  17  14  --  12
Move: North - 7
10  --  1  2  2  2  5  3  14
6  2  2  2  2  18  15  --  12
Move: North - 7
11  --  0  2  2  2  5  3  14
6  2  2  2  2  18  15  --  12
Move: North - 6
12  --  1  0  2  2  5  3  14
6  2  2  2  2  18  15  --  12
Move: North - 7
13  --  0  0  2  2  5  3  14
6  2  2  2  2  18  15  --  12
Move: North - 3
14  --  1  1  3  3  0  3  14
6  2  2  2  2  18  15  --  12
Move: North - 7
15  --  0  1  3  3  0  3  14
6  2  2  2  2  18  15  --  12
Move: North - 5
16  --  1  2  0  3  0  3  14
6  2  2  2  2  18  15  --  12
Move: North - 7
17  --  0  2  0  3  0  3  14
6  2  2  2  2  18  15  --  12
Move: North - 6
18  --  1  0  0  3  0  3  14
6  2  2  2  2  18  15  --  12
Move: North - 7
19  --  0  0  0  3  0  3  14
6  2  2  2  2  18  15  --  12
Move: North - 1
20  --  1  1  1  4  1  4  0
7  3  3  3  3  19  16  --  12
Move: South - 5
20  --  1  1  1  4  1  4  0
7  3  3  3  0  20  17  --  13
Move: South - 1
20  --  1  1  1  4  1  4  0
0  4  4  4  1  21  18  --  14
Move: South - 4
20  --  1  1  1  4  1  4  0
0  4  4  0  2  22  19  --  15
Move: South - 2
20  --  1  1  1  4  1  4  0
0  0  5  1  3  23  19  --  15
Move: North - 7
21  --  0  1  1  4  1  4  0
0  0  5  1  3  23  19  --  15
Move: North - 4
22  --  1  2  2  0  1  4  0
0  0  5  1  3  23  19  --  15
Move: North - 7
23  --  0  2  2  0  1  4  0
0  0  5  1  3  23  19  --  15
Move: North - 6
24  --  1  0  2  0  1  4  0
0  0  5  1  3  23  19  --  15
Move: North - 7
25  --  0  0  2  0  1  4  0
0  0  5  1  3  23  19  --  15
Move: North - 3
27  --  0  0  2  0  0  4  0
0  0  5  0  3  23  19  --  15
Move: South - 5
27  --  0  0  2  0  0  4  0
0  0  5  0  0  24  20  --  16
Move: South - 3
27  --  0  0  2  0  0  4  0
0  0  0  1  1  25  21  --  17
Move: South - 5
27  --  0  0  2  0  0  4  0
0  0  0  1  0  26  21  --  17
Move: North - 5
27  --  1  1  0  0  0  4  0
0  0  0  1  0  26  21  --  17
Move: South - 4
27  --  1  1  0  0  0  4  0
0  0  0  0  1  26  21  --  17
Move: North - 7
28  --  0  1  0  0  0  4  0
0  0  0  0  1  26  21  --  17
Move: North - 2
28  --  0  2  1  1  1  0  0
0  0  0  0  1  26  21  --  17
Move: South - 7
28  --  1  3  3  3  3  2  2
1  1  1  1  2  27  1  --  19
Move: North - 7
29  --  0  3  3  3  3  2  2
1  1  1  1  2  27  1  --  19
Move: North - 5
30  --  1  4  0  3  3  2  2
1  1  1  1  2  27  1  --  19
Move: North - 7
31  --  0  4  0  3  3  2  2
1  1  1  1  2  27  1  --  19
Move: North - 6
32  --  1  0  0  3  3  2  2
2  2  1  1  2  27  1  --  19
Move: South - 4
32  --  1  0  0  3  3  2  2
2  2  1  0  3  27  1  --  19
Move: North - 7
33  --  0  0  0  3  3  2  2
2  2  1  0  3  27  1  --  19
Move: North - 4
36  --  0  1  1  0  3  2  2
0  2  1  0  3  27  1  --  19
Move: South - 2
36  --  0  1  1  0  3  2  2
0  0  2  1  3  27  1  --  19
Move: North - 2
38  --  0  1  1  0  4  0  2
0  0  2  0  3  27  1  --  19
Move: South - 7
38  --  0  1  1  0  4  0  2
0  0  2  0  3  27  0  --  20
Move: South - 5
38  --  0  1  1  0  4  0  2
0  0  2  0  0  28  1  --  21
Move: South - 3
38  --  0  1  1  0  0  0  2
0  0  0  1  0  28  1  --  26
Move: North - 6
38  --  1  0  1  0  0  0  2
0  0  0  1  0  28  1  --  26
Move: South - 7
38  --  1  0  1  0  0  0  2
0  0  0  1  0  28  0  --  27
Move: South - 6
38  --  3  2  3  2  2  2  4
2  2  2  3  1  1  2  --  29
Move: North - 6
39  --  4  0  3  2  2  2  4
2  2  2  3  1  1  2  --  29
Move: North - 5
40  --  5  1  0  2  2  2  4
2  2  2  3  1  1  2  --  29
Move: North - 3
43  --  5  1  0  3  0  2  4
2  2  0  3  1  1  2  --  29
Move: South - 4
43  --  5  1  0  3  0  2  4
2  2  0  0  2  2  3  --  29
Move: North - 7
44  --  0  1  0  3  0  2  4
3  3  1  1  2  2  3  --  29
Move: South - 7
44  --  0  1  0  3  0  3  5
3  3  1  1  2  2  0  --  30
Move: North - 1
44  --  0  2  1  4  1  4  0
3  3  1  1  2  2  0  --  30
Move: South - 6
44  --  0  2  1  4  1  4  0
3  3  1  1  2  0  1  --  31
Move: South - 2
44  --  0  2  1  4  1  4  0
3  0  2  2  3  0  1  --  31
Move: North - 6
45  --  1  0  1  4  1  4  0
3  0  2  2  3  0  1  --  31
Move: North - 7
46  --  0  0  1  4  1  4  0
3  0  2  2  3  0  1  --  31
Move: North - 4
47  --  1  1  2  0  1  4  0
3  0  2  2  3  0  1  --  31
Move: North - 7
48  --  0  1  2  0  1  4  0
3  0  2  2  3  0  1  --  31
Move: North - 5
52  --  0  2  0  0  1  4  0
0  0  2  2  3  0  1  --  31
Move: South - 4
52  --  0  2  0  0  1  0  0
0  0  2  0  4  0  1  --  36
Move: North - 6
53  --  1  0  0  0  1  0  0
0  0  2  0  4  0  1  --  36
Move: North - 3
53  --  1  0  0  1  0  0  0
0  0  2  0  4  0  1  --  36
Move: South - 3
53  --  1  0  0  1  0  0  0
0  0  0  1  5  0  1  --  36
Move: North - 4
53  --  1  0  1  0  0  0  0
0  0  0  1  5  0  1  --  36
Move: South - 5
53  --  1  0  1  0  0  1  1
0  0  0  1  0  1  2  --  37
Move: North - 2
53  --  1  0  1  0  1  0  1
0  0  0  1  0  1  2  --  37
Move: South - 4
53  --  1  0  1  0  0  0  1
0  0  0  0  0  1  2  --  39
Move: North - 1
55  --  1  0  1  0  0  0  0
0  0  0  0  0  0  2  --  39
Move: South - 7
58  --  0  0  0  0  0  0  0
0  0  0  0  0  0  0  --  40

WINNER: Player 2 (java MKAgent.Main)
SCORE: 18

Player 1 (java -jar Test_Agents/JimmyPlayer.jar): 35 moves, 125 milliseconds per move
Player 2 (java MKAgent.Main): 52 moves, 11881 milliseconds per move

0 125
1 11881